20
35728 35276 139 460 1000000 14745 27690 33 97 8 69
4 4 2 2 1 0 2 1 2 3 4
36478 39536 170 1 1442 22516 31242 4 70 37 6
196 827 117 730 108 131 477 41 72 11 66
6 10 3 2 2 0 0 5 4 3 2
38850 37146 6 132 1443 28733 35729 1 38 55 58
28557 13495 1138 1991 385 23252 10801 56 19 77 36
36402 39273 278 35 1000000 11371 25106 51 98 33 54
14 15 12 4 4 3 5 84 74 53 68
8497 2343 94 193 1000000 5999 1852 70 15 92 16
20133 29990 1305 1623 603 7664 19517 81 90 36 9
38095 39579 180 6 1507 11485 32227 86 32 39 26
39843 39881 20522 20114 3 11897 5279 74 89 96 58
16 18 5 1 5 10 8 21 27 29 87
39078 39880 20882 20735 3 22243 24336 53 36 6 40
4718 7077 134 115 1000000 3964 4597 7 20 29 77
4 4 1 1 3 1 1 2 2 2 2
39353 39838 20565 20767 3 35517 37854 90 60 17 84
192 223 29 170 28 25 108 89 74 40 51
6503 8478 146 197 1000000 332 8138 33 8 90 43
