20
693840425 90561
2 6 7 999957328
840698758 13331
8 7 10 999955808
1000000000 100000
99999 1 99999 100000
137 49
48 17 461 137
78 51
3 5 5 51230
164 96
76 2 193 164
82 81
58 56 739 82
45068754 29153
2 9 5 999904402
98 59
6 30 524 98
110 53
7 7 1 64417
186 75
68 16 539 186
1000000000 100000
1 1 0 2
177 73
7 7 5 56401
1000000000 1
12 7 74 12
1000000000 100000
999999999 1 999999999 1000000000
22 21
1 4 869 22
28 21
6 5 1 85919
131 74
1 9 10 78736
73 26
5 8 4 54214
1000000000 100000
1 1 1 1000000000
