20
82 81
58 56 739 82
640834505 28785
3 9 1 999946125
840698758 13331
8 7 10 999955808
112 73
1 5 3 64100
1000000000 100000
1 1 0 2
98 59
6 30 524 98
218492221 46085
3 7 1 999969453
186 75
68 16 539 186
73 26
5 8 4 54214
497151700 96511
9 7 6 999919625
22 21
1 4 869 22
254 99
1 8 9 74990
78 51
3 5 5 51230
45068754 29153
2 9 5 999904402
1000000000 1
12 7 74 12
1000000000 100000
99999 1 99999 100000
1000000000 100000
999999999 1 999999999 1000000000
59 26
14 19 681 59
977365070 59489
8 5 9 999966210
137 49
48 17 461 137
