1555762196
1987076842
320182828
1074742647
1066123738
281660803
1665600799
2144795743
606003161
1031456244
1940707076
903512296
2094707627
-1181400120
1252343211
-317165531
-187582097
3324879427
734398030
580762163
263572794
1097295648
1929446826
-383086398
1339209836
-405119823
-197661863
901972999
790786711
1338073695
-1026309276
808927947
671112024
127438352
-917992196
1892514223
1535978195
979185498
2750044993
723552488
0
1222728074
341669832
-1337452798
-607276858
1374497752
2184142883
935050076
1189529039
327905374
1870735320
687702056
1279939950
1129827472
2554912541
-1952872746
1502431756
555780815
1424480448
612760170
911985873
1416269801
-1377613586
541710594
1668775415
297067333
-376459051
-365907685
-1015968523
226756984
1415018655
1811843087
767439345
2165947421
-769342040
755093227
-430613104
562664616
1162289373
1518523265
299816779
1572417924
-1439446198
-289913196
474750754
-1273949473
2173468245
913410186
29643954
538245207
681807459
957619492
243695775
179918061
350816403
2381905996
1604971325
936601074
617676795
1642619774
1255661360
-408945223
1313900300
428419231
-7921725
-1150911068
1237491855
2435770724
501480902
-953608057
832264198
1933176922
1405763989
-539347581
298583394
0
-117569656
673294921
45766186
1269059929
2331262340
676380963
3350754592
-83087920
891793072
1541360000
956468676
879905911
-629952313
1663191253
915714799
-1055978200
812393381
1702287886
437688376
809868030
960741683
1624500610
921671512
1965895420
2840040592
1807841698
829288048
1434568114
1089484540
835067585
941219133
416637528
-354949923
-1426303371
1068682577
680172959
2161154860
132430135
-55287833
1725132299
76553181
36165649
960192976
1648619591
46262182
-430824917
1616683804
554543284
1929777836
1367614748
-1655661606
845609895
890300071
813526383
1621890608
1632789402
2090108139
1294515670
1969860131
767032289
466227417
1265617406
-418177140
1676358026
1470657375
1050184467
58607765
332846748
944885450
580716050
814829159
-276417875
799288517
257892119
-1218507044
958177671
-536371101
1887384023
2119208278
609837191
905510716
2340406017
-575004936
845211000
674110582
429216679
1275060750
959733624
989111189
1692828848
744031717
248167117
1049168547
281173388
-192868742
2017017405
1003569632
1596499364
370587509
-967165726
0
910691056
-1504138795
-145388953
86039258
2482611367
-211449261
-489489028
-174419186
1135700090
1815251977
1768077423
-2372404866
570002667
420294027
659648694
170699500
1429818628
-116285020
1289434297
1360860640
1542758767
1945159562
1303882409
1016188646
874844060
532795237
247769749
-1976504329
1801988530
-19961292
1957254041
540342124
1283395325
1770724571
1465401576
2623200378
-1083650186
705083302
2080825153
-88669697
761007345
477586669
848271442
754588788
276954824
1115720034
3083459813
-325074555
2220837075
1085961503
666991784
342232671
1468648741
728725629
1503235705
2606953459
1680690277
2153396587
1044520965
595031218
1480624293
1799526861
1450740846
-410230451
-1584089890
0
1125481516
2537189845
-172029069
1851003156
826818495
642176064
-1104918190
377775870
1049150644
284131931
694592303
1457004611
-983039245
327761474
957043397
1446804982
-399171867
1834241951
1584555496
664781764
-269880991
473535242
-55222674
969959234
-117181086
1012179937
664383786
2616382121
512468090
-10844421
999302370
1802307883
573215037
-302335348
1742528098
1666889703
1222476970
191230203
2336579940
351511829
1482510526
2289647264
110168136
-642986086
1569876272
349377429
791258737
-4918162
2161732601
1714747881
718157635
0
-765443158
1433760433
1630523529
1801501207
2103734163
-682106048
1351039997
1528477338
817081254
-100902200
732781243
1095998540
1777126928
1236274140
331740191
1653225957
22316821
2981619758
-541516472
591144688
726734904
2139675997
1405022567
-1489592227
1627399375
2739631647
605352741
-598352966
738667919
-604303610
2295095227
55487524
1227831215
1219216724
-185145840
1662990503
0
621591162
1507278809
1342031844
1172197422
2095791042
158178962
1034970828
1111765656
663194465
1700797394
-374456076
1927093185
3000480673
538459431
2253352029
1397367901
2322807957
1640803186
-403335236
3585284881
-788388841
758457741
875358645
83929740
1145477848
-155162095
332171097
1011237206
1598442068
2881739371
0
-1891007195
658005986
792025318
-2753623273
845622080
1172759924
493721924
467998544
501034645
1377073917
780869350
1052873470
735600991
455719401
1681255158
1406077886
361344643
1469848825
-166495807
2019988120
637903804
402821975
932268265
-266114570
4194489
711095107
1109204478
480617940
1961766651
1290281211
44905373
-629238006
93829664
1534189471
-1210586480
1005942558
822448787
1648831245
1113824452
2074868718
-1053262981
437881147
53765633
1475267198
2610866372
763928271
1663476472
-454117532
2443894213
736092892
-569137934
580872461
3472142441
2001418952
446413770
889191091
1942534357
699394416
880141074
1418113587
309447193
481092004
881244141
203147843
1404927609
1333510208
1617850055
1196416560
1521961133
136595536
778917621
1229904240
420972193
-981659309
554149930
-929652636
529720100
92174455
1300978874
1289297960
542691935
-36328694
554809844
341024935
668011641
773636856
59993293
-109665497
1381321828
-46450422
955113567
665492426
2867964507
1008297941
1903788954
361302549
814135570
1509108953
2323957276
893242953
1074989365
-65286634
1719957611
1821745139
-200843155
-753031938
1411097599
1399490151
1816511907
-9585033
-660378203
266848253
1667980664
59228652
1341264069
2374066578
406122159
591546308
-561224180
1772276353
-1255363321
633875987
2044954967
386700375
-366556628
107291293
-1217999657
1212604564
1358904710
996836090
160597466
2412127066
2143478617
705493940
980806506
1969870010
611268187
1009009803
279641032
-488955771
1006635517
1058331819
-508039564
-958434348
-1964887578
552153101
2710490895
249005708
-1360235494
154644002
2603227994
1912989721
1598648332
1436559252
1241846364
1619305903
847881172
1814708969
460742968
-64590741
2389320503
961429213
350398580
865556098
846011516
309404518
-246719140
-18026862
1567255944
1054181894
113952056
-1597740410
1928847029
-856973924
1358825731
-524667856
1319785272
354842433
2881970140
160539732
-42767937
1933151584
318422438
1540694264
626079594
-296972133
536120111
-137036561
995340253
1977316897
1109518964
560801506
548539363
24508274
1335200890
2300084683
542383500
135714336
2390331542
2010687234
-1494135242
614840380
2075062271
-759374031
2487607770
33714205
-691437357
607102247
1187895612
413046499
1530910743
-808924512
709778570
1610070129
1424203597
1706987071
225316861
-473835417
783803381
2051485756
-208843098
2081662619
1029710696
2612276941
935103576
602811419
2289268741
-2117625846
375933648
3566081226
1625893606
1143709585
1981832842
54685238
1169736937
-67930274
1010845122
486523041
1371060006
-1322149183
798189437
591663489
1068526494
-152372997
1437768031
199366426
350247490
249704840
-239535454
1014876847
-105034579
290373508
497164845
-500600392
1374143621
1512160105
957478912
851482657
1700991394
341238564
945848133
914139687
1982525399
-1876627372
2915314890
215781310
1556203895
464535803
1753968976
-1284857859
639796790
-1069269304
1010506470
-772057935
2440017107
0
2986978531
-827151552
697932964
2080489640
196834600
3155486601
2607960318
1058847956
47377809
918920878
-1980666867
735372191
441836863
1205903118
-1678306021
1493461543
2135476988
1619063831
222090642
1364656159
-886025880
462900557
531870743
-57165762
-27021616
330401316
2023553901
837717927
1441673337
2347486183
216417713
97225815
-1592683860
1217077275
-608526881
1201432525
65282382
161175566
0
1270167374
1260852766
807998188
2027036943
809210302
794724560
1056495927
-534391508
429440713
1302479971
1508309936
213712437
341881791
94274242
705547618
212910464
-649999309
1259646990
1236840826
695962087
2032335358
783457882
1536048697
1674964636
-1134983587
1363923821
1213536719
1866812614
1066777868
1444153791
-74629766
1256985903
255628141
1134974906
-505825750
629343873
1764728059
770647641
-871332498
-59803669
477584162
-1466085279
-9165140
1951812549
1626554336
1064901355
1779862234
715480024
405598550
1101474726
-35630284
782376256
1074500099
1072628436
2691854235
-199505849
1980085138
222156653
3111262754
602621628
161980214
191820883
2543550748
0
480276724
1541038310
1550809818
1661789416
2528927567
382363622
1664108838
1173319353
1029153634
1212877774
879161463
615593760
1269734849
2302852745
-9007318
301767223
2312842598
1129744108
2040497688
1106805278
687861948
1152247715
985149324
1674660293
259579565
2184361007
2006781657
2312707614
422871464
1083272638
2645505485
676746976
1001607137
582463771
1872997278
1950307496
2197882663
1386711197
2076689927
2240981033
-1350560162
2392923276
2673978243
1103773965
-3170561856
1260894706
318172663
-655917016
1876544133
1554124625
134898223
728563590
846387360
1714642709
1465248601
-43304184
-272686653
1718327800
1859061798
1010821496
1362332166
-389869676
1034481896
-422519484
2787315478
540766989
1989338425
2850018585
1200109918
1162413916
1678331651
755311433
2895397631
1608131815
9306172
1994558846
1079874976
388316363
-47053570
1664339837
-1630379810
1184060131
-831721431
2958802134
1404453583
337673669
302554391
2599656845
1001240990
-333598875
1480644264
1765829426
1015152804
1656346500
2071016460
1707428440
420360111
480631443
1171430454
-650509385
338329228
980851054
458318783
-187934679
2130641617
2131301387
1363928260
1346084853
1557449408
1044793208
454313109
-400797933
-1897275897
384291054
1010681619
-1179429599
199168669
796135335
-352039176
337976208
280698076
370322416
921218537
1533859343
447594769
1379320842
2644097721
-187252474
1063262553
1523128840
1723931714
263441690
783238738
-2460793015
1164206322
820006046
1405136317
959869496
1658633221
1279140170
1446205732
-27782586
1203403600
-709153679
329986824
451562029
1935136812
273478183
977237553
1693040051
2000510406
642285101
547623660
984618952
1282368317
241425553
1138441864
138108250
2683795250
1799437336
1443445971
11567605
2055489466
2264455382
1587157467
937936245
1443204638
1373643410
274953293
2078856732
622146447
1769414069
342352986
1686739408
4982030
-428971410
578084376
1637413697
789261849
687927947
1814565016
2844830799
410411991
-621097753
510051260
1338169997
1040036995
220330240
777609071
226174061
-362945487
-1916133362
1381145874
1276658941
1654792850
-923895292
874967144
0
554914563
1568671338
-165197917
-988657405
545020003
-551073129
-106843724
-320704378
460038192
1511512279
1331839396
-1318019121
739145651
1970248871
895260446
-695501178
-1875017453
917668702
1619867815
2275167988
